========================================================================================================
A. BASELINE DEFICIT vs ref, by pair   (controls cannot saturate: whatever they show is MODEL ERROR)
========================================================================================================

eu_8+eu_16  [SHARED]
              1      2      3      4      5      6      7      8      9      10     11     12     13     14     15     16     17     18     19     20
published -0.005 -0.003  0.003  0.004 -0.000 -0.003 -0.003 -0.003  0.009  0.017  0.030  0.044  0.093  0.149  0.208  0.256  0.306  0.353  0.394  0.439
rolling   -0.012 -0.008 -0.005 -0.001  0.001  0.003  0.006  0.004  0.007  0.009  0.014  0.026  0.078  0.133  0.197  0.250  0.312  0.371  0.399  0.431
envelope   0.009  0.013  0.016  0.019  0.020  0.022  0.025  0.025  0.029  0.031  0.036  0.048  0.099  0.153  0.215  0.266  0.328  0.386  0.412  0.444
DiD(peer) -0.013 -0.007 -0.003  0.002  0.004  0.008  0.011  0.009  0.011  0.015  0.016  0.025  0.074  0.128  0.196  0.249  0.331  0.420  0.411  0.431

eu_10+eu_18  [SHARED]
              1      2      3      4      5      6      7      8      9      10     11     12     13     14     15     16     17     18     19     20
published -0.006 -0.002  0.003  0.002 -0.001 -0.002 -0.003  0.001  0.009  0.012  0.022  0.036  0.086  0.139  0.195  0.243  0.291  0.339  0.389  0.432
rolling   -0.013 -0.007 -0.004 -0.002  0.000  0.002  0.004  0.004  0.005  0.005  0.010  0.017  0.071  0.127  0.186  0.236  0.285  0.333  0.384  0.428
envelope   0.007  0.011  0.015  0.017  0.018  0.021  0.022  0.024  0.025  0.025  0.029  0.036  0.088  0.143  0.202  0.251  0.299  0.347  0.395  0.439
DiD(peer) -0.018 -0.013 -0.008 -0.003 -0.001  0.003  0.006  0.008  0.008  0.009  0.010  0.013  0.061  0.114  0.173  0.227  0.277  0.327  0.375  0.416

eu_13+eu_21  [SHARED]
              1      2      3      4      5      6      7      8      9      10     11     12     13     14     15     16     17     18     19     20
published -0.008 -0.007 -0.004 -0.002  0.000  0.000  0.004  0.006  0.014  0.018  0.029  0.031  0.066  0.122  0.179  0.230  0.277  0.323  0.377  0.421
rolling   -0.011 -0.007 -0.004 -0.002  0.001  0.002  0.006  0.005  0.008  0.010  0.025  0.028  0.059  0.114  0.175  0.228  0.273  0.321  0.378  0.424
envelope   0.012  0.017  0.019  0.020  0.022  0.024  0.027  0.027  0.031  0.034  0.048  0.052  0.083  0.137  0.197  0.250  0.296  0.338  0.397  0.441
DiD(peer) -0.002  0.011  0.021  0.020  0.027  0.033  0.041  0.038  0.096  0.100  0.143  0.059  0.056  0.107  0.166  0.225  0.266  0.312  0.370  0.424

eu_1+eu_3  [control]
              1      2      3      4      5      6      7      8      9      10     11     12     13     14     15     16     17     18     19     20
published  0.023  0.022  0.028  0.018 -0.004 -0.015 -0.025 -0.034 -0.015  0.001  0.022  0.027  0.033  0.048  0.070  0.076  0.078  0.081  0.081  0.080
rolling    0.006  0.004  0.004  0.003  0.002  0.001  0.000  0.000  0.001 -0.001 -0.001  0.001  0.004  0.006  0.008  0.009  0.007  0.006  0.005  0.013
envelope   0.030  0.029  0.028  0.027  0.026  0.025  0.025  0.026  0.027  0.023  0.025  0.027  0.030  0.034  0.036  0.039  0.036  0.035  0.033  0.038
DiD(peer)  0.000  0.000  0.000  0.000  0.000  0.000  0.000  0.000  0.000  0.000  0.000  0.000  0.000  0.000  0.000  0.000  0.000  0.000  0.000  0.000

eu_4+eu_12  [control]
              1      2      3      4      5      6      7      8      9      10     11     12     13     14     15     16     17     18     19     20
published  0.021  0.019  0.027  0.014 -0.002 -0.020 -0.030 -0.031 -0.013 -0.000  0.022  0.028  0.028  0.049  0.063  0.070  0.073  0.074  0.068  0.070
rolling   -0.002 -0.001 -0.001 -0.000 -0.000  0.000  0.001  0.002  0.002  0.002  0.004  0.003  0.003  0.004  0.004  0.004  0.003  0.003  0.003  0.001
envelope   0.014  0.015  0.015  0.016  0.015  0.016  0.017  0.018  0.019  0.019  0.020  0.020  0.020  0.020  0.021  0.022  0.021  0.020  0.021  0.017
DiD(peer) -0.009 -0.006 -0.004 -0.001 -0.001  0.002  0.004  0.002  0.001  0.002  0.001 -0.001 -0.004 -0.007 -0.009 -0.011 -0.014 -0.015 -0.014 -0.020

eu_15+eu_23  [control]
              1      2      3      4      5      6      7      8      9      10     11     12     13     14     15     16     17     18     19     20
published  0.011  0.015  0.024  0.014 -0.001 -0.018 -0.034 -0.033 -0.012  0.005  0.031  0.033  0.032  0.046  0.066  0.077  0.082  0.087  0.082  0.072
rolling   -0.012 -0.007 -0.006 -0.003 -0.001 -0.000  0.001  0.000  0.003  0.006  0.007  0.006  0.004  0.003  0.003  0.005  0.008  0.010  0.008 -0.004
envelope   0.024  0.027  0.029  0.030  0.029  0.028  0.028  0.030  0.034  0.038  0.043  0.045  0.042  0.039  0.040  0.044  0.048  0.049  0.048  0.035
DiD(peer) -0.018 -0.010 -0.006 -0.002  0.000  0.001  0.005  0.004  0.003  0.008  0.008  0.005 -0.001 -0.003 -0.002  0.006  0.001 -0.006  0.004 -0.007

========================================================================================================
B. THE HEADLINE NUMBER:  baseline deficit at ref>=0.8, on pairs that CANNOT saturate
========================================================================================================
             published  rolling  envelope  DiD(peer)   mean
eu_1+eu_3        0.030    0.004     0.030      0.000  0.016
eu_4+eu_12       0.027    0.002     0.018     -0.005  0.010
eu_15+eu_23      0.029    0.002     0.037     -0.001  0.017

   the published baseline already calls ~10% saturation on these healthy pairs.
   the rolling / envelope baselines sit at ~0 on the same pairs.

========================================================================================================
C. APPARENT LOST ENERGY  (sum of positive shortfall, ref>=0.7, active, no DQ)  [kWh]
========================================================================================================
             published  rolling  envelope  DiD(peer)     rows    group
eu_8+eu_16      3363.0   3038.0    3451.0     2797.0  15188.0   SHARED
eu_10+eu_18     4162.0   3830.0    4268.0     3537.0  19080.0   SHARED
eu_13+eu_21     3023.0   2821.0    3294.0     2558.0  14650.0   SHARED
eu_1+eu_3       1301.0    236.0     814.0        0.0  19074.0  control
eu_4+eu_12      1248.0    176.0     535.0      113.0  19074.0  control
eu_15+eu_23     1418.0    292.0    1116.0      367.0  19074.0  control

control-pair totals (should be ~0 for an unbiased baseline):
published    3967.0
rolling       704.0
envelope     2465.0
DiD(peer)     480.0

shared-pair totals (the real signal):
published    10548.0
rolling       9689.0
envelope     11013.0
DiD(peer)     8891.0

========================================================================================================
D. WHERE IS THE PUBLISHED BASELINE BIAS COMING FROM?
========================================================================================================
pair eu_1+eu_3 (never clipped):
  g0 (global)                     = 1.174
  g0*cap(t) median                = 17,956 W
  theta_roll(t) median            = 17,449 W
  ratio g0*cap/theta              = 1.031  (drifts 0.72-1.09 over the record)
  => the single global g0 cannot track the time-varying ratio; the residual
     shows up as a spurious deficit.  SD of that ratio = 0.116
  ratio on high-ref days vs low-ref days: 1.071 vs 1.025
